0
1
3
6
9
13
17
21
25
29
33
37
41
45
49
53
57
61
65
69
73
77
81
85
89
93
97
101
105
109
113
117
121
125
129
133
137
141
145
149
153
157
161
165
169
173
177
181
185
189
193
197
201
205
209
213
217
221
225
229
233
237
241
245
249
253
257
261
265
269
273
277
281
285
289
293
297
301
305
309
313
317
321
325
329
333
337
341
345
349
353
357
361
365
369
373
377
381
385
389
393
397
401
406
608
810
1012
1214
1416
1618
1820
2022
2224
2426
2628
2830
3032
3234
3436
3638
3840
4042
4244
4446
4648
4850
5052
5254
5456
5658
5860
6062
6264
6466
6668
6870
7072
7274
7476
7678
7880
8082
8284
8486
8688
8890
9092
9294
9496
9698
9900
10102
10304
10506
10708
10910
11112
11314
11516
11718
11920
12122
12324
12526
12728
12930
13132
13334
13536
13738
13940
14142
14344
14546
14748
14950
15152
15354
15556
15758
15960
16162
16364
16566
16768
16970
17172
17374
17576
17778
17980
18182
18384
18586
18788
18990
19192
19394
19596
19798
20000
20202
20404
20606
20808
21010
21212
21414
21616
21818
22020
22222
22424
22626
22828
23030
23232
23434
23636
23838
24040
24242
24444
24646
24848
25050
25252
25454
25656
25858
26060
26262
26464
26666
26868
27070
27272
27474
27676
27878
28080
28282
28484
28686
28888
29090
29292
29494
29696
29898
30100
30302
30504
30706
30908
31110
31312
31514
31716
31918
32120
32322
32523
32527
32531
32535
32539
32543
32547
32551
32555
32559
32563
32567
32571
32575
32579
32583
32587
32591
32595
32599
38963
38967
38971
38975
38979
40573
40577
40581
40585
40589
40593
40597
40601
40605
40609
40613
40617
40621
40625
40629
40633
40637
40641
40645
40649
40653
40657
40661
40665
40669
40673
40677
40681
40685
40689
40693
40697
40701
40705
40709
